[master]
npx=16
npy=8
wallclocklimit=1677.5

[grid]
itot=32
jtot=32
ktot=64

xsize=27.386127875258303
ysize=27.386127875258303
zsize=18.074844397670482

utrans=0.
vtrans=0.

swspatialorder=2
swbasestate=boussinesq

[diff]
swdiff=smag2
dnmax=0.3
tPr=10.0

[thermo]
swthermo=buoy

[force]
swlspres=geo
fc=0.0001

[fields]
visc=0.000015
svisc=0.000015

rndz=18.
#ug  =    0.073942545263197
rndamp[u]=0.0075
rndamp[v]=0.0075
rndamp[w]=0.00075
#b0 = -   0.0349
rndamp[b]=0.000175
rndexp[u]=0.5
rndexp[v]=0.5
rndexp[w]=2.
rndexp[b]=4.

[boundary]
swboundary=surface
mbcbot=noslip
mbctop=freeslip
sbcbot=flux
sbctop=neumann
sbot=-0.000000112373055
stop=0.

z0m=0.00001
z0h=0.00001

[buffer]
swbuffer=1
zstart=13.556133298252862
sigma=0.2756644477109
beta=2.

[time]
starttime=0
endtime=1800.
savetime=900.
outputiter=1
adaptivestep=false
dt=1.0
rkorder=3
iotimeprec=-1

[stats]
swstats=1
sampletime=900.

[budget]
swbudget=0

[cross]
swcross=0
sampletime=300
crosslist=z0m
#u,w,b,blngrad,bfluxbot
xz=0.
xy=0.06, 0.3, 0.6

[dump]
swdump=1
sampletime=900.
dumplist=u,v,w,b
# ,p
